249;9;232;246;9;287.0;12/10/2007;5
250;76;229;246;20;188.0;24/07/2009;2
251;18;224;248;4;246.0;15/03/2010;2
252;53;225;246;10;177.0;19/12/2003;1
253;100;243;245;3;278.0;21/01/2009;1
254;11;230;248;14;104.0;05/09/2009;4
255;47;241;247;11;195.0;26/08/2005;1
256;81;239;247;14;293.0;02/12/2002;4
257;53;224;245;9;191.0;12/01/2004;4
258;45;224;247;20;209.0;03/02/2008;3
259;36;232;248;11;185.0;29/03/2004;1
260;92;229;246;10;121.0;17/01/2009;4
261;77;242;245;5;149.0;06/03/2009;4
262;56;238;247;10;204.0;27/08/2009;4
263;53;226;245;13;199.0;02/09/2002;5
264;28;225;246;20;280.0;12/10/2009;1
265;47;243;245;4;231.0;22/10/2003;3
266;26;235;246;15;184.0;01/08/2005;3
267;25;225;246;19;158.0;25/10/2003;3
268;54;225;246;15;195.0;04/03/2007;3
269;39;240;246;10;269.0;27/11/2005;1
270;69;226;247;8;127.0;22/03/2010;2
271;87;234;247;8;237.0;08/08/2009;3
272;5;244;247;18;117.0;19/04/2004;3
273;12;229;247;17;107.0;07/09/2010;2
274;86;227;247;4;274.0;02/08/2007;4
275;86;224;248;4;126.0;07/01/2010;3
276;96;229;248;20;211.0;07/03/2003;4
277;62;224;247;7;184.0;04/06/2010;2
278;11;236;248;7;134.0;04/03/2004;1
279;55;236;248;6;265.0;28/12/2004;4
280;3;235;247;7;112.0;21/02/2010;4
281;98;225;246;8;245.0;22/11/2007;1
282;13;230;245;20;162.0;16/07/2002;3
283;38;238;248;20;118.0;23/11/2003;4
284;53;236;245;10;112.0;24/11/2010;2
285;9;224;247;13;272.0;26/07/2003;3
286;60;232;246;14;160.0;08/01/2001;1
287;50;235;245;3;241.0;02/04/2006;2
288;29;238;246;17;177.0;01/10/2003;3
289;28;230;247;14;136.0;22/12/2002;1
290;92;237;246;4;276.0;10/08/2003;5
291;91;232;248;7;141.0;28/05/2001;4
292;31;237;247;17;251.0;14/02/2001;4
293;74;239;246;9;206.0;20/11/2002;1
294;72;231;247;14;102.0;01/02/2007;5
295;2;227;245;14;250.0;02/09/2010;1
296;22;233;247;10;245.0;19/06/2001;3
297;7;233;246;10;190.0;19/11/2003;2
298;56;231;247;19;277.0;31/12/2003;2
299;21;225;246;19;298.0;24/07/2005;1
300;36;238;248;3;192.0;13/07/2008;4
301;52;238;245;19;185.0;24/07/2008;1
302;95;235;246;3;143.0;07/05/2005;2
303;85;237;247;16;139.0;02/03/2005;1
304;90;231;247;5;175.0;09/04/2009;1
305;96;232;248;14;293.0;06/03/2005;5
306;23;239;246;7;177.0;27/11/2003;1
307;7;229;246;5;135.0;10/01/2008;2
308;95;232;247;14;250.0;22/05/2005;5
309;35;229;246;11;261.0;15/07/2006;3
310;50;241;245;17;163.0;16/01/2002;1
311;38;241;246;15;246.0;01/09/2002;5
312;43;224;246;9;142.0;29/03/2006;2
313;68;243;248;18;238.0;12/09/2007;1
314;27;229;248;3;182.0;06/05/2009;1
315;16;230;245;14;156.0;08/11/2003;2
316;97;236;248;15;173.0;23/04/2008;1
317;57;236;245;18;103.0;26/06/2004;3
318;51;228;247;3;163.0;06/10/2001;1
319;25;234;246;17;251.0;12/04/2007;3
320;58;229;245;13;123.0;27/04/2004;4
321;94;226;247;16;210.0;09/07/2008;5
322;26;232;247;5;172.0;19/08/2001;1
323;62;244;248;6;231.0;03/08/2007;2
324;9;244;247;15;148.0;14/01/2005;5
325;93;236;245;18;121.0;19/09/2004;4
326;13;239;246;9;289.0;14/03/2004;4
327;31;239;248;4;113.0;03/07/2009;2
328;4;232;247;6;141.0;01/03/2005;3
329;5;237;246;19;264.0;12/07/2005;3
330;77;240;247;12;255.0;01/05/2003;2
331;3;243;246;18;258.0;30/10/2001;2
332;49;233;245;8;150.0;31/07/2004;2
333;47;233;246;9;156.0;10/05/2006;3
334;85;229;246;12;165.0;02/03/2005;5
335;32;225;246;9;200.0;28/02/2004;1
336;3;243;247;8;271.0;07/11/2007;5
337;74;228;248;5;246.0;28/04/2001;3
338;5;233;245;18;215.0;27/02/2004;5
339;82;235;245;18;227.0;10/06/2001;1
340;54;241;247;4;179.0;26/04/2002;5
341;20;236;245;13;234.0;21/04/2006;4
342;4;233;245;19;148.0;09/12/2003;5
343;71;238;245;8;234.0;05/01/2005;2
344;7;239;245;9;273.0;19/01/2010;1
345;89;228;247;3;211.0;29/06/2008;2
346;17;234;245;3;115.0;16/06/2003;4
347;38;236;247;10;180.0;23/06/2001;5
348;77;226;245;13;171.0;18/03/2009;3
349;9;231;245;13;107.0;24/11/2003;1
350;79;224;246;13;298.0;27/02/2008;4
351;9;226;246;14;100.0;03/05/2001;3
352;1;237;245;8;125.0;28/08/2004;1
353;50;243;246;8;189.0;17/04/2008;3
354;3;237;247;13;218.0;31/05/2003;5
355;4;225;245;5;146.0;09/07/2009;4
356;37;228;246;9;200.0;29/12/2002;1
357;51;226;245;15;221.0;22/03/2008;3
358;58;238;247;20;217.0;23/04/2002;1
359;83;238;245;3;211.0;08/03/2007;1
360;43;233;245;10;134.0;07/02/2007;5
361;65;239;245;14;204.0;19/11/2006;4
362;59;244;245;18;105.0;25/07/2001;2
363;60;240;245;4;171.0;21/07/2004;1
364;95;230;246;13;103.0;16/12/2004;3
365;83;233;247;13;286.0;22/07/2009;1
366;78;237;246;15;179.0;10/01/2010;5
367;23;233;248;19;250.0;16/05/2009;3
368;54;237;247;5;294.0;24/05/2002;5
369;41;228;245;13;176.0;02/05/2005;2
370;16;228;246;9;125.0;07/09/2005;2
371;43;230;247;6;255.0;20/08/2003;1
372;55;234;248;5;272.0;08/03/2002;1
373;82;225;245;17;237.0;13/10/2002;3
374;28;244;248;6;251.0;27/07/2009;2
375;61;236;245;9;120.0;14/04/2002;5
376;76;242;245;11;104.0;06/10/2001;3
377;79;239;247;14;149.0;09/11/2003;5
378;52;239;247;8;270.0;16/05/2002;5
379;92;235;246;18;213.0;27/02/2006;3
380;37;224;245;11;120.0;30/04/2005;2
