224;63;168;Descricao 224;234.0
225;87;137;Descricao 225;108.0
226;38;194;Descricao 226;224.0
227;8;131;Descricao 227;164.0
228;71;190;Descricao 228;108.0
229;42;191;Descricao 229;267.0
230;34;128;Descricao 230;233.0
231;2;169;Descricao 231;143.0
232;46;222;Descricao 232;112.0
233;16;175;Descricao 233;126.0
234;54;217;Descricao 234;294.0
235;66;218;Descricao 235;111.0
236;96;216;Descricao 236;188.0
237;66;169;Descricao 237;100.0
238;93;187;Descricao 238;156.0
239;10;212;Descricao 239;263.0
240;3;153;Descricao 240;176.0
241;86;140;Descricao 241;179.0
242;27;124;Descricao 242;202.0
243;8;153;Descricao 243;182.0
244;17;127;Descricao 244;228.0
